  5.29414552e+00  4.80477763e+00  7.06120686e+03  3.70291508e+06  8.45601708e+04  4.07824034e+01               
  5.12382707e+00  4.65011935e+00  7.06739721e+03  3.63937835e+06  3.12140914e+05  3.29476977e+03               
  5.11135678e+00  4.63889175e+00  7.04996136e+03  3.62889813e+06  3.69683721e+05  4.25789895e+03               
  5.05988569e+00  4.59217783e+00  7.06083460e+03  3.59836896e+06  3.88119674e+05  4.68045658e+03               
  5.04211410e+00  4.57605057e+00  7.06434151e+03  3.58768844e+06  3.94977332e+05  4.88505706e+03               
  5.03525408e+00  4.56982518e+00  7.06573733e+03  3.58356010e+06  3.97488410e+05  4.98473856e+03               
  5.03268150e+00  4.56749059e+00  7.06626256e+03  3.58201066e+06  3.98414047e+05  5.03384795e+03               
  5.03171774e+00  4.56661599e+00  7.06645950e+03  3.58142985e+06  3.98754902e+05  5.05822609e+03               
  5.03135657e+00  4.56628823e+00  7.06653322e+03  3.58121211e+06  3.98880260e+05  5.07032128e+03               
  5.03122092e+00  4.56616513e+00  7.06656085e+03  3.58113033e+06  3.98926212e+05  5.07636077e+03               
  5.03116980e+00  4.56611874e+00  7.06657123e+03  3.58109950e+06  3.98942977e+05  5.07938135e+03               
  5.03115044e+00  4.56610117e+00  7.06657514e+03  3.58108782e+06  3.98949053e+05  5.08089400e+03               
  5.03114306e+00  4.56609448e+00  7.06657663e+03  3.58108337e+06  3.98951234e+05  5.08165226e+03               
  5.03114023e+00  4.56609191e+00  7.06657719e+03  3.58108166e+06  3.98952006e+05  5.08203265e+03               
  5.03113913e+00  4.56609091e+00  7.06657741e+03  3.58108099e+06  3.98952274e+05  5.08222359e+03               
  5.03113870e+00  4.56609052e+00  7.06657749e+03  3.58108073e+06  3.98952364e+05  5.08231947e+03               
  5.03113853e+00  4.56609036e+00  7.06657753e+03  3.58108063e+06  3.98952392e+05  5.08236763e+03               
  5.03113846e+00  4.56609030e+00  7.06657754e+03  3.58108058e+06  3.98952401e+05  5.08239183e+03               
  5.03113843e+00  4.56609027e+00  7.06657754e+03  3.58108057e+06  3.98952402e+05  5.08240399e+03               
  5.03113841e+00  4.56609026e+00  7.06657755e+03  3.58108056e+06  3.98952402e+05  5.08241011e+03               
  5.03113841e+00  4.56609025e+00  7.06657755e+03  3.58108056e+06  3.98952402e+05  5.08241318e+03               
  5.03113841e+00  4.56609025e+00  7.06657755e+03  3.58108055e+06  3.98952402e+05  5.08241472e+03               
  5.03113841e+00  4.56609025e+00  7.06657755e+03  3.58108055e+06  3.98952401e+05  5.08241549e+03               
  5.03113841e+00  4.56609026e+00  7.06657755e+03  3.58108055e+06  3.98952401e+05  5.08241584e+03               
  5.03113843e+00  4.56609027e+00  7.06657756e+03  3.58108055e+06  3.98952399e+05  5.08241595e+03               
  5.03113848e+00  4.56609032e+00  7.06657758e+03  3.58108055e+06  3.98952393e+05  5.08241577e+03               
  5.03113863e+00  4.56609045e+00  7.06657763e+03  3.58108053e+06  3.98952377e+05  5.08241500e+03               
  5.03113907e+00  4.56609085e+00  7.06657779e+03  3.58108050e+06  3.98952329e+05  5.08241259e+03               
  5.03114038e+00  4.56609204e+00  7.06657827e+03  3.58108040e+06  3.98952187e+05  5.08240535e+03               
  5.03114429e+00  4.56609559e+00  7.06657969e+03  3.58108009e+06  3.98951764e+05  5.08238377e+03               
  5.03115591e+00  4.56610616e+00  7.06658393e+03  3.58107917e+06  3.98950502e+05  5.08231954e+03               
  5.03119053e+00  4.56613760e+00  7.06659654e+03  3.58107642e+06  3.98946748e+05  5.08212853e+03               
  5.03129359e+00  4.56623120e+00  7.06663408e+03  3.58106827e+06  3.98935573e+05  5.08156114e+03               
  5.03160045e+00  4.56650988e+00  7.06674588e+03  3.58104401e+06  3.98902309e+05  5.07987963e+03               
  5.03251436e+00  4.56733981e+00  7.06707891e+03  3.58097203e+06  3.98803345e+05  5.07492160e+03               
  5.03523843e+00  4.56981345e+00  7.06807231e+03  3.58075956e+06  3.98509209e+05  5.06045114e+03               
  5.04337292e+00  4.57719968e+00  7.07104205e+03  3.58013598e+06  3.97635553e+05  5.01872477e+03               
  5.06777217e+00  4.59935325e+00  7.07997148e+03  3.57833590e+06  3.95048187e+05  4.90234505e+03               
  5.14176132e+00  4.66652875e+00  7.10714021e+03  3.57325311e+06  3.87403920e+05  4.59559505e+03               
  5.37181498e+00  4.87540116e+00  7.19144035e+03  3.55855143e+06  3.64565505e+05  3.86347549e+03               
  5.71383101e+00  5.18605944e+00  7.02979077e+03  3.21584515e+06  2.71125531e+05  2.16508277e+03               
  5.29395492e+00  4.80496823e+00  6.74796541e+03  2.95542070e+06  2.51157219e+05  2.00535676e+03               
