  5.03113840e+00  4.56609025e+00  7.06657755e+03  3.58108055e+06  6.74449133e+04 -1.44041897e+02               
  5.03113840e+00  4.56609025e+00  7.06657755e+03  3.58108055e+06  2.79398366e+05  2.78540836e+03               
  5.03113840e+00  4.56609025e+00  7.06657755e+03  3.58108055e+06  3.53101644e+05  3.96450357e+03               
  5.03113840e+00  4.56609025e+00  7.06657755e+03  3.58108055e+06  3.81827911e+05  4.54395704e+03               
  5.03113840e+00  4.56609025e+00  7.06657755e+03  3.58108055e+06  3.92590280e+05  4.82108657e+03               
  5.03113840e+00  4.56609025e+00  7.06657755e+03  3.58108055e+06  3.96596607e+05  4.95467977e+03               
  5.03113840e+00  4.56609025e+00  7.06657755e+03  3.58108055e+06  3.98081898e+05  5.01959649e+03               
  5.03113840e+00  4.56609025e+00  7.06657755e+03  3.58108055e+06  3.98631474e+05  5.05133803e+03               
  5.03113840e+00  4.56609025e+00  7.06657755e+03  3.58108055e+06  3.98834417e+05  5.06698079e+03               
  5.03113840e+00  4.56609025e+00  7.06657755e+03  3.58108055e+06  3.98909189e+05  5.07472660e+03               
  5.03113840e+00  4.56609025e+00  7.06657755e+03  3.58108055e+06  3.98936657e+05  5.07857650e+03               
  5.03113840e+00  4.56609025e+00  7.06657755e+03  3.58108055e+06  3.98946706e+05  5.08049554e+03               
  5.03113840e+00  4.56609025e+00  7.06657755e+03  3.58108055e+06  3.98950363e+05  5.08145422e+03               
  5.03113840e+00  4.56609025e+00  7.06657755e+03  3.58108055e+06  3.98951683e+05  5.08193393e+03               
  5.03113840e+00  4.56609025e+00  7.06657755e+03  3.58108055e+06  3.98952154e+05  5.08217427e+03               
  5.03113840e+00  4.56609025e+00  7.06657755e+03  3.58108055e+06  3.98952319e+05  5.08229479e+03               
  5.03113840e+00  4.56609025e+00  7.06657755e+03  3.58108055e+06  3.98952376e+05  5.08235527e+03               
  5.03113840e+00  4.56609025e+00  7.06657755e+03  3.58108055e+06  3.98952394e+05  5.08238563e+03               
  5.03113840e+00  4.56609025e+00  7.06657755e+03  3.58108055e+06  3.98952400e+05  5.08240088e+03               
  5.03113840e+00  4.56609025e+00  7.06657755e+03  3.58108055e+06  3.98952402e+05  5.08240855e+03               
  5.03113840e+00  4.56609025e+00  7.06657755e+03  3.58108055e+06  3.98952402e+05  5.08241240e+03               
  5.03113840e+00  4.56609025e+00  7.06657755e+03  3.58108055e+06  3.98952402e+05  5.08241433e+03               
  5.03113840e+00  4.56609025e+00  7.06657755e+03  3.58108055e+06  3.98952402e+05  5.08241530e+03               
  5.03113840e+00  4.56609025e+00  7.06657755e+03  3.58108055e+06  3.98952402e+05  5.08241579e+03               
  5.03113840e+00  4.56609025e+00  7.06657755e+03  3.58108055e+06  3.98952402e+05  5.08241604e+03               
  5.03113840e+00  4.56609025e+00  7.06657755e+03  3.58108055e+06  3.98952401e+05  5.08241616e+03               
  5.03113840e+00  4.56609025e+00  7.06657755e+03  3.58108055e+06  3.98952401e+05  5.08241622e+03               
  5.03113840e+00  4.56609025e+00  7.06657755e+03  3.58108055e+06  3.98952401e+05  5.08241626e+03               
  5.03113840e+00  4.56609025e+00  7.06657755e+03  3.58108055e+06  3.98952401e+05  5.08241628e+03               
  5.03113840e+00  4.56609025e+00  7.06657755e+03  3.58108055e+06  3.98952401e+05  5.08241629e+03               
  5.03113840e+00  4.56609025e+00  7.06657755e+03  3.58108055e+06  3.98952401e+05  5.08241626e+03               
  5.03113840e+00  4.56609025e+00  7.06657755e+03  3.58108055e+06  3.98952399e+05  5.08241586e+03               
  5.03113840e+00  4.56609025e+00  7.06657755e+03  3.58108055e+06  3.98952394e+05  5.08241291e+03               
  5.03113840e+00  4.56609025e+00  7.06657755e+03  3.58108055e+06  3.98952370e+05  5.08239328e+03               
  5.03113840e+00  4.56609025e+00  7.06657755e+03  3.58108055e+06  3.98952189e+05  5.08226785e+03               
  5.03113840e+00  4.56609025e+00  7.06657755e+03  3.58108055e+06  3.98950683e+05  5.08149460e+03               
  5.03113840e+00  4.56609025e+00  7.06657755e+03  3.58108055e+06  3.98941202e+05  5.07733648e+03               
  5.03113840e+00  4.56609025e+00  7.06657755e+03  3.58108055e+06  3.98881145e+05  5.05548153e+03               
  5.03113840e+00  4.56609025e+00  7.06657755e+03  3.58108055e+06  3.98551814e+05  4.95129968e+03               
  5.03113840e+00  4.56609025e+00  7.06657755e+03  3.58108055e+06  3.97473951e+05  4.55208041e+03               
  5.03113840e+00  4.56609025e+00  7.06657755e+03  3.58108055e+06  3.89916150e+05  3.68978670e+03               
