  2.17312568e+23  2.41458409e+22  1.00000000e+03  6.00000000e+02  3.00000000e+02  3.00000000e+02  3.00000000e+02  1.37679231e+00  2.80624887e+02  3.23633825e-06  1.70405446e+07               
  2.17312568e+23  2.41458409e+22  1.00000000e+03  6.00000000e+02  3.00000000e+02  3.00000000e+02  3.00000000e+02  1.37679231e+00  2.80624887e+02  3.23633825e-06  1.70405446e+07               
  2.17312568e+23  2.41458409e+22  1.00000000e+03  6.00000000e+02  3.00000000e+02  3.00000000e+02  3.00000000e+02  1.37679231e+00  2.80624887e+02  3.23633825e-06  1.70405446e+07               
  2.17312568e+23  2.41458409e+22  1.00000000e+03  6.00000000e+02  3.00000000e+02  3.00000000e+02  3.00000000e+02  1.37679231e+00  2.80624887e+02  3.23633825e-06  1.70405446e+07               
  2.17312568e+23  2.41458409e+22  1.00000000e+03  6.00000000e+02  3.00000000e+02  3.00000000e+02  3.00000000e+02  1.37679231e+00  2.80624887e+02  3.23633825e-06  1.70405446e+07               
  2.17312568e+23  2.41458409e+22  1.00000000e+03  6.00000000e+02  3.00000000e+02  3.00000000e+02  3.00000000e+02  1.37679231e+00  2.80624887e+02  3.23633825e-06  1.70405446e+07               
  2.17312568e+23  2.41458409e+22  1.00000000e+03  6.00000000e+02  3.00000000e+02  3.00000000e+02  3.00000000e+02  1.37679231e+00  2.80624887e+02  3.23633825e-06  1.70405446e+07               
  2.17312568e+23  2.41458409e+22  1.00000000e+03  6.00000000e+02  3.00000000e+02  3.00000000e+02  3.00000000e+02  1.37679231e+00  2.80624887e+02  3.23633825e-06  1.70405446e+07               
  2.17312568e+23  2.41458409e+22  1.00000000e+03  6.00000000e+02  3.00000000e+02  3.00000000e+02  3.00000000e+02  1.37679231e+00  2.80624887e+02  3.23633825e-06  1.70405446e+07               
  2.17312568e+23  2.41458409e+22  1.00000000e+03  6.00000000e+02  3.00000000e+02  3.00000000e+02  3.00000000e+02  1.37679231e+00  2.80624887e+02  3.23633825e-06  1.70405446e+07               
  2.17312568e+23  2.41458409e+22  1.00000000e+03  6.00000000e+02  3.00000000e+02  3.00000000e+02  3.00000000e+02  1.37679231e+00  2.80624887e+02  3.23633825e-06  1.70405446e+07               
  2.17312568e+23  2.41458409e+22  1.00000000e+03  6.00000000e+02  3.00000000e+02  3.00000000e+02  3.00000000e+02  1.37679231e+00  2.80624887e+02  3.23633825e-06  1.70405446e+07               
  2.17312568e+23  2.41458409e+22  1.00000000e+03  6.00000000e+02  3.00000000e+02  3.00000000e+02  3.00000000e+02  1.37679231e+00  2.80624887e+02  3.23633825e-06  1.70405446e+07               
  2.17312568e+23  2.41458409e+22  1.00000000e+03  6.00000000e+02  3.00000000e+02  3.00000000e+02  3.00000000e+02  1.37679231e+00  2.80624887e+02  3.23633825e-06  1.70405446e+07               
  2.17312568e+23  2.41458409e+22  1.00000000e+03  6.00000000e+02  3.00000000e+02  3.00000000e+02  3.00000000e+02  1.37679231e+00  2.80624887e+02  3.23633825e-06  1.70405446e+07               
  2.17312568e+23  2.41458409e+22  1.00000000e+03  6.00000000e+02  3.00000000e+02  3.00000000e+02  3.00000000e+02  1.37679231e+00  2.80624887e+02  3.23633825e-06  1.70405446e+07               
  2.17312568e+23  2.41458409e+22  1.00000000e+03  6.00000000e+02  3.00000000e+02  3.00000000e+02  3.00000000e+02  1.37679231e+00  2.80624887e+02  3.23633825e-06  1.70405446e+07               
  2.17312568e+23  2.41458409e+22  1.00000000e+03  6.00000000e+02  3.00000000e+02  3.00000000e+02  3.00000000e+02  1.37679231e+00  2.80624887e+02  3.23633825e-06  1.70405446e+07               
  2.17312568e+23  2.41458407e+22  9.99999951e+02  5.99999999e+02  2.99999986e+02  2.99999996e+02  2.99999998e+02  1.37679231e+00  2.80624880e+02  3.23633825e-06  1.70405446e+07               
  2.17312142e+23  2.41457824e+22  9.99963937e+02  6.00000343e+02  2.99989782e+02  2.99998238e+02  2.99999023e+02  1.37679181e+00  2.80620056e+02  3.23633825e-06  1.70405446e+07               
  2.17746280e+23  2.41949207e+22  9.90777456e+02  5.99946868e+02  2.96640110e+02  2.99722935e+02  2.99922978e+02  1.37650057e+00  2.79019490e+02  3.23633825e-06  1.70405446e+07               
  2.86269825e+23  3.18138428e+22  1.14106111e+03  5.69348215e+02  2.59855026e+02  3.12705894e+02  3.31138307e+02  1.36525834e+00  2.60078629e+02  3.23633825e-06  1.70405446e+07               
  1.11716282e+24  1.24130771e+23  7.08160458e+03  3.51380084e+02  4.13257505e+02  4.04600208e+02  4.11184843e+02  1.34876492e+00  3.25994196e+02  3.23633825e-06  1.70405446e+07               
  2.09993745e+24  2.33321921e+23  1.40621079e+04  2.29110595e+02  4.36567093e+02  4.20308558e+02  4.18792781e+02  1.34586821e+00  3.34701817e+02  3.23633825e-06  1.70405446e+07               
  2.24773510e+24  2.49743524e+23  1.39951180e+04  1.47435394e+02  4.05918059e+02  3.93821543e+02  3.96006127e+02  1.35204308e+00  3.23478750e+02  3.23633825e-06  1.70405446e+07               
  1.76633357e+24  1.96257763e+23  9.77232376e+03  8.02641810e+01  3.60687887e+02  3.54318617e+02  3.64072242e+02  1.36193438e+00  3.06037888e+02  3.23633825e-06  1.70405446e+07               
  1.25728275e+24  1.39698845e+23  6.22519757e+03  3.07337257e+01  3.22794439e+02  3.20935384e+02  3.31560339e+02  1.37087479e+00  2.90464636e+02  3.23633825e-06  1.70405446e+07               
  1.00292371e+24  1.11436887e+23  4.69552877e+03  7.38802205e+00  3.05226577e+02  3.04803258e+02  3.08693850e+02  1.37542573e+00  2.82918339e+02  3.23633825e-06  1.70405446e+07               
  9.23559765e+23  1.02618180e+23  4.26196040e+03  1.26679295e+00  3.00850213e+02  3.00753918e+02  3.01336844e+02  1.37658110e+00  2.81000705e+02  3.23633825e-06  1.70405446e+07               
  9.05260576e+23  1.00584639e+23  4.16732540e+03  1.82908823e-01  3.00116483e+02  3.00097740e+02  3.00154372e+02  1.37676563e+00  2.80676643e+02  3.23633825e-06  1.70405446e+07               
  9.01817428e+23  1.00201967e+23  4.15006069e+03  2.35460209e-02  3.00014268e+02  3.00011219e+02  3.00015632e+02  1.37678936e+00  2.80631259e+02  3.23633825e-06  1.70405446e+07               
  9.01267400e+23  1.00140828e+23  4.14735386e+03  2.70321547e-03  3.00001569e+02  3.00001144e+02  3.00001410e+02  1.37679203e+00  2.80625591e+02  3.23633825e-06  1.70405446e+07               
  9.01192089e+23  1.00132455e+23  4.14698771e+03  2.72358606e-04  3.00000153e+02  3.00000102e+02  3.00000113e+02  1.37679229e+00  2.80624956e+02  3.23633825e-06  1.70405446e+07               
  9.01183293e+23  1.00131477e+23  4.14694530e+03  2.35618171e-05  3.00000013e+02  3.00000008e+02  3.00000008e+02  1.37679231e+00  2.80624892e+02  3.23633825e-06  1.70405446e+07               
  9.01182429e+23  1.00131380e+23  4.14694115e+03  1.70408153e-06  3.00000001e+02  3.00000000e+02  3.00000000e+02  1.37679231e+00  2.80624887e+02  3.23633825e-06  1.70405446e+07               
  9.01182361e+23  1.00131369e+23  4.14694082e+03  9.96010637e-08  3.00000000e+02  3.00000000e+02  3.00000000e+02  1.37679231e+00  2.80624886e+02  3.23633825e-06  1.70405446e+07               
  9.01182365e+23  1.00131360e+23  4.14694079e+03  4.48898590e-09  3.00000000e+02  3.00000000e+02  3.00000000e+02  1.37679231e+00  2.80624886e+02  3.23633825e-06  1.70405446e+07               
  9.01182387e+23  1.00131335e+23  4.14694078e+03  1.44918955e-10  3.00000000e+02  2.99999999e+02  3.00000000e+02  1.37679231e+00  2.80624886e+02  3.23633825e-06  1.70405446e+07               
  9.01182441e+23  1.00131276e+23  4.14694077e+03  2.90840346e-12  3.00000001e+02  2.99999996e+02  2.99999999e+02  1.37679230e+00  2.80624884e+02  3.23633825e-06  1.70405446e+07               
  9.01182560e+23  1.00131145e+23  4.14694074e+03  2.42170289e-14  3.00000002e+02  2.99999987e+02  2.99999996e+02  1.37679228e+00  2.80624881e+02  3.23633825e-06  1.70405446e+07               
  9.01182550e+23  1.00131155e+23  4.14694075e+03 -1.00111935e-16  3.00000003e+02  2.99999987e+02  2.99999996e+02  1.37679228e+00  2.80624882e+02  3.23633825e-06  1.70405446e+07               
  9.01182550e+23  1.00131155e+23  3.51755264e+03 -1.00111935e-16  3.00000003e+02  2.99999987e+02  2.99999996e+02  1.31960591e+00  2.53029104e+02  3.23633825e-06  1.70405446e+07               
