  1.17403978e-03  1.06674594e-06  6.66000000e+01  1.37000000e+03  3.00000000e+02  3.00000000e+02  3.00000000e+02  1.35959323e+00  2.77589473e+02               
  1.17403978e-03  1.06674594e-06  6.66000000e+01  1.37000000e+03  3.00000000e+02  3.00000000e+02  3.00000000e+02  1.35959323e+00  2.77589473e+02               
  1.17403978e-03  1.06674594e-06  6.66000000e+01  1.37000000e+03  3.00000000e+02  3.00000000e+02  3.00000000e+02  1.35959323e+00  2.77589473e+02               
  1.17403978e-03  1.06674594e-06  6.66000000e+01  1.37000000e+03  3.00000000e+02  3.00000000e+02  3.00000000e+02  1.35959323e+00  2.77589473e+02               
  1.17403978e-03  1.06674594e-06  6.66000000e+01  1.37000000e+03  3.00000000e+02  3.00000000e+02  3.00000000e+02  1.35959323e+00  2.77589473e+02               
  1.17403978e-03  1.06674594e-06  6.66000000e+01  1.37000000e+03  3.00000000e+02  3.00000000e+02  3.00000000e+02  1.35959323e+00  2.77589473e+02               
  1.17403978e-03  1.06674594e-06  6.66000000e+01  1.37000000e+03  3.00000000e+02  3.00000000e+02  3.00000000e+02  1.35959323e+00  2.77589473e+02               
  1.17403978e-03  1.06674594e-06  6.66000000e+01  1.37000000e+03  3.00000000e+02  3.00000000e+02  3.00000000e+02  1.35959323e+00  2.77589473e+02               
  1.17403978e-03  1.06674594e-06  6.66000000e+01  1.37000000e+03  3.00000000e+02  3.00000000e+02  3.00000000e+02  1.35959323e+00  2.77589473e+02               
  1.17403979e-03  1.06674595e-06  6.66000011e+01  1.37000000e+03  3.00000004e+02  3.00000000e+02  3.00000000e+02  1.35959323e+00  2.77589475e+02               
  1.17403992e-03  1.06674633e-06  6.66000564e+01  1.36999985e+03  3.00000220e+02  3.00000009e+02  3.00000016e+02  1.35959326e+00  2.77589577e+02               
  1.17404655e-03  1.06676559e-06  6.66027837e+01  1.36999208e+03  3.00010805e+02  3.00000752e+02  3.00001269e+02  1.35959423e+00  2.77594574e+02               
  1.17439075e-03  1.06773996e-06  6.67373601e+01  1.36958979e+03  3.00528710e+02  3.00060202e+02  3.00101879e+02  1.35963219e+00  2.77837961e+02               
  1.19272425e-03  1.11793037e-06  7.34617781e+01  1.34849996e+03  3.25714819e+02  3.04820791e+02  3.08158430e+02  1.36058830e+00  2.89348093e+02               
  5.69105166e-03  5.17810861e-06  1.53971088e+03  3.25637544e+02  1.43078998e+03  6.53976611e+02  8.39150539e+02  1.33153758e+00  5.99932727e+02               
  6.75633193e-03  6.14268696e-06  1.74201346e+03  2.68505780e+02  1.36354696e+03  7.87396290e+02  9.25397242e+02  1.30427125e+00  5.79638053e+02               
  7.51512675e-03  6.83047024e-06  1.87153648e+03  2.27785187e+02  1.31701794e+03  8.84837965e+02  9.86326484e+02  1.28467911e+00  5.65367773e+02               
  7.92806826e-03  7.20482720e-06  1.90259671e+03  2.13461524e+02  1.26913880e+03  9.53085143e+02  1.02646583e+03  1.27027669e+00  5.51876112e+02               
  8.25889169e-03  7.50510282e-06  1.92775967e+03  2.02434054e+02  1.23441418e+03  1.00218950e+03  1.05445981e+03  1.26001062e+00  5.42070064e+02               
  8.51078445e-03  7.73372316e-06  1.94491606e+03  1.94699120e+02  1.20854012e+03  1.03776518e+03  1.07445656e+03  1.25259001e+00  5.34777192e+02               
  8.70376335e-03  7.90888165e-06  1.95760352e+03  1.89030582e+02  1.18945351e+03  1.06369111e+03  1.08900835e+03  1.24720144e+00  5.29395089e+02               
  8.85009139e-03  8.04169759e-06  1.96690677e+03  1.84883498e+02  1.17534628e+03  1.08265526e+03  1.09974350e+03  1.24326680e+00  5.25415590e+02               
  8.96044322e-03  8.14185983e-06  1.97376263e+03  1.81836101e+02  1.16491773e+03  1.09656356e+03  1.10775094e+03  1.24038279e+00  5.22472409e+02               
  9.04327927e-03  8.21704678e-06  1.97882021e+03  1.79592253e+02  1.15720479e+03  1.10678271e+03  1.11378000e+03  1.23826250e+00  5.20294625e+02               
  9.10524810e-03  8.27329277e-06  1.98255619e+03  1.77937087e+02  1.15149897e+03  1.11430128e+03  1.11835796e+03  1.23670007e+00  5.18682788e+02               
  9.15148061e-03  8.31525471e-06  1.98531859e+03  1.76714493e+02  1.14727803e+03  1.11983871e+03  1.12186200e+03  1.23554657e+00  5.17489767e+02               
  9.18589323e-03  8.34648721e-06  1.98736283e+03  1.75810422e+02  1.14415696e+03  1.12392097e+03  1.12456559e+03  1.23469362e+00  5.16606984e+02               
  9.21144986e-03  8.36968033e-06  1.98887676e+03  1.75141273e+02  1.14185174e+03  1.12693399e+03  1.12666903e+03  1.23406198e+00  5.15954271e+02               
  9.23037924e-03  8.38685682e-06  1.98999876e+03  1.74645605e+02  1.14015291e+03  1.12916169e+03  1.12832049e+03  1.23359349e+00  5.15472440e+02               
  9.24434876e-03  8.39952991e-06  1.99083090e+03  1.74278168e+02  1.13890603e+03  1.13081351e+03  1.12963045e+03  1.23324537e+00  5.15117803e+02               
  9.25460050e-03  8.40882677e-06  1.99144860e+03  1.74005589e+02  1.13799739e+03  1.13204427e+03  1.13068191e+03  1.23298606e+00  5.14858139e+02               
  9.26205611e-03  8.41558367e-06  1.99190755e+03  1.73803226e+02  1.13734340e+03  1.13296872e+03  1.13153787e+03  1.23279223e+00  5.14669719e+02               
  9.26739676e-03  8.42041860e-06  1.99224898e+03  1.73652867e+02  1.13688280e+03  1.13367211e+03  1.13224637e+03  1.23264660e+00  5.14535102e+02               
  9.27112371e-03  8.42378622e-06  1.99250335e+03  1.73541043e+02  1.13657089e+03  1.13421803e+03  1.13284464e+03  1.23253637e+00  5.14441508e+02               
  9.27360403e-03  8.42601939e-06  1.99269323e+03  1.73457788e+02  1.13637519e+03  1.13465405e+03  1.13336161e+03  1.23245201e+00  5.14379612e+02               
  9.27510503e-03  8.42736040e-06  1.99283532e+03  1.73395722e+02  1.13627231e+03  1.13501596e+03  1.13382008e+03  1.23238641e+00  5.14342639e+02               
  9.27582025e-03  8.42798459e-06  1.99294199e+03  1.73349383e+02  1.13624551e+03  1.13533072e+03  1.13423818e+03  1.23233429e+00  5.14325698e+02               
  9.27588917e-03  8.42801826e-06  1.99302238e+03  1.73314720e+02  1.13628291e+03  1.13561880e+03  1.13463042e+03  1.23229169e+00  5.14325271e+02               
  9.27541235e-03  8.42755242e-06  1.99308328e+03  1.73288731e+02  1.13637605e+03  1.13589563e+03  1.13500838e+03  1.23225564e+00  5.14338827e+02               
  9.27446341e-03  8.42665370e-06  1.99312972e+03  1.73269187e+02  1.13651880e+03  1.13617272e+03  1.13538117e+03  1.23222395e+00  5.14364517e+02               
  9.27309892e-03  8.42537340e-06  1.99316540e+03  1.73254430e+02  1.13670639e+03  1.13645834e+03  1.13575575e+03  1.23219499e+00  5.14400919e+02               
  9.27136752e-03  8.42375584e-06  1.99319308e+03  1.73243222e+02  1.13693446e+03  1.13675775e+03  1.13613678e+03  1.23216761e+00  5.14446807e+02               
  9.26931946e-03  8.42184710e-06  1.99321480e+03  1.73234631e+02  1.13719807e+03  1.13707313e+03  1.13652629e+03  1.23214107e+00  5.14500901e+02               
  9.26701861e-03  8.41970622e-06  1.99323208e+03  1.73227941e+02  1.13749028e+03  1.13740281e+03  1.13692274e+03  1.23211501e+00  5.14561558e+02               
  9.26456002e-03  8.41742139e-06  1.99324602e+03  1.73222578e+02  1.13780011e+03  1.13773968e+03  1.13731953e+03  1.23208956e+00  5.14626316e+02               
  9.26209812e-03  8.41513617e-06  1.99325745e+03  1.73218044e+02  1.13810907e+03  1.13806817e+03  1.13770176e+03  1.23206545e+00  5.14691147e+02               
  9.25989445e-03  8.41309365e-06  1.99326697e+03  1.73213844e+02  1.13838536e+03  1.13835863e+03  1.13804081e+03  1.23204438e+00  5.14749216e+02               
  9.25839999e-03  8.41171272e-06  1.99327503e+03  1.73209388e+02  1.13857372e+03  1.13855747e+03  1.13828466e+03  1.23202962e+00  5.14788715e+02               
  9.25839832e-03  8.41172030e-06  1.99328197e+03  1.73203868e+02  1.13857789e+03  1.13856966e+03  1.13834136e+03  1.23202710e+00  5.14789132e+02               
  9.26125299e-03  8.41437951e-06  1.99328785e+03  1.73195966e+02  1.13823028e+03  1.13822849e+03  1.13805005e+03  1.23204734e+00  5.14714772e+02               
  9.26939007e-03  8.42193281e-06  1.99331011e+03  1.73186705e+02  1.13724377e+03  1.13724413e+03  1.13713275e+03  1.23210902e+00  5.14504549e+02               
  9.28737076e-03  8.43861101e-06  1.99334741e+03  1.73185129e+02  1.13506322e+03  1.13506322e+03  1.13506322e+03  1.23224733e+00  5.14039907e+02               
