  0.00000000e+00  0.00000000e+00  0.00000000e+00  0.00000000e+00  0.00000000e+00  0.00000000e+00               
  0.00000000e+00  0.00000000e+00  0.00000000e+00  0.00000000e+00  7.06511510e+07  9.76483420e+05               
  0.00000000e+00  0.00000000e+00  0.00000000e+00  0.00000000e+00  2.45677593e+07  3.93031736e+05               
  0.00000000e+00  0.00000000e+00  0.00000000e+00  0.00000000e+00  9.57542216e+06  1.93151156e+05               
  0.00000000e+00  0.00000000e+00  0.00000000e+00  0.00000000e+00  3.58745635e+06  9.23765097e+04               
  0.00000000e+00  0.00000000e+00  0.00000000e+00  0.00000000e+00  1.33544240e+06  4.45310672e+04               
  0.00000000e+00  0.00000000e+00  0.00000000e+00  0.00000000e+00  4.95097074e+05  2.16389082e+04               
  0.00000000e+00  0.00000000e+00  0.00000000e+00  0.00000000e+00  1.83191974e+05  1.05805108e+04               
  0.00000000e+00  0.00000000e+00  0.00000000e+00  0.00000000e+00  6.76478380e+04  5.21425378e+03               
  0.00000000e+00  0.00000000e+00  0.00000000e+00  0.00000000e+00  2.49239167e+04  2.58193836e+03               
  0.00000000e+00  0.00000000e+00  0.00000000e+00  0.00000000e+00  9.15581106e+03  1.28329916e+03               
  0.00000000e+00  0.00000000e+00  0.00000000e+00  0.00000000e+00  3.34989363e+03  6.39681308e+02               
  0.00000000e+00  0.00000000e+00  0.00000000e+00  0.00000000e+00  1.21881659e+03  3.19559470e+02               
  0.00000000e+00  0.00000000e+00  0.00000000e+00  0.00000000e+00  4.39970135e+02  1.59903068e+02               
  0.00000000e+00  0.00000000e+00  0.00000000e+00  0.00000000e+00  1.57035467e+02  8.01122160e+01               
  0.00000000e+00  0.00000000e+00  0.00000000e+00  0.00000000e+00  5.51261866e+01  4.01736250e+01               
  0.00000000e+00  0.00000000e+00  0.00000000e+00  0.00000000e+00  1.88686804e+01  2.01595578e+01               
  0.00000000e+00  0.00000000e+00  0.00000000e+00  0.00000000e+00  6.20154631e+00  1.01214315e+01               
  0.00000000e+00  0.00000000e+00  0.00000000e+00  0.00000000e+00  1.89815643e+00  5.08354473e+00               
  0.00000000e+00  0.00000000e+00  0.00000000e+00  0.00000000e+00  5.01403542e-01  2.55395144e+00               
  0.00000000e+00  0.00000000e+00  0.00000000e+00  0.00000000e+00  8.39047810e-02  1.28335981e+00               
  0.00000000e+00  0.00000000e+00  0.00000000e+00  0.00000000e+00 -2.02739234e-02  6.44987225e-01               
  0.00000000e+00  0.00000000e+00  0.00000000e+00  0.00000000e+00 -3.34092484e-02  3.24194732e-01               
  0.00000000e+00  0.00000000e+00  0.00000000e+00  0.00000000e+00 -2.54859647e-02  1.62972893e-01               
  0.00000000e+00  0.00000000e+00  0.00000000e+00  0.00000000e+00 -1.62425367e-02  8.19517787e-02               
  0.00000000e+00  0.00000000e+00  0.00000000e+00  0.00000000e+00 -1.00414356e-02  4.12699085e-02               
  0.00000000e+00  0.00000000e+00  0.00000000e+00  0.00000000e+00 -7.53101491e-03  2.09459233e-02               
  0.00000000e+00  0.00000000e+00  0.00000000e+00  0.00000000e+00 -9.99470818e-03  1.10486792e-02               
  0.00000000e+00  0.00000000e+00  0.00000000e+00  0.00000000e+00 -2.29039939e-02  6.67802956e-03               
  0.00000000e+00  0.00000000e+00  0.00000000e+00  0.00000000e+00 -6.36763149e-02  4.20623683e-03               
  0.00000000e+00  0.00000000e+00  0.00000000e+00  0.00000000e+00 -1.83515146e-01 -1.02710859e-02               
  0.00000000e+00  0.00000000e+00  0.00000000e+00  0.00000000e+00 -5.38658215e-01 -1.31616638e-01               
  0.00000000e+00  0.00000000e+00  0.00000000e+00  0.00000000e+00 -1.75390254e+00 -9.84617212e-01               
  0.00000000e+00  0.00000000e+00  0.00000000e+00  0.00000000e+00 -8.05323252e+00 -6.54185251e+00               
  0.00000000e+00  0.00000000e+00  0.00000000e+00  0.00000000e+00 -6.01048555e+01 -4.18102419e+01               
  0.00000000e+00  0.00000000e+00  0.00000000e+00  0.00000000e+00 -5.02126607e+02 -2.57751552e+02               
  0.00000000e+00  0.00000000e+00  0.00000000e+00  0.00000000e+00 -3.16046713e+03 -1.38604057e+03               
  0.00000000e+00  0.00000000e+00  0.00000000e+00  0.00000000e+00 -2.00188019e+04 -7.28498323e+03               
  0.00000000e+00  0.00000000e+00  0.00000000e+00  0.00000000e+00 -1.09776897e+05 -3.47272829e+04               
  0.00000000e+00  0.00000000e+00  0.00000000e+00  0.00000000e+00 -3.59287822e+05 -1.33073091e+05               
  0.00000000e+00  0.00000000e+00  0.00000000e+00  0.00000000e+00 -2.51926695e+06 -2.87431235e+05               
  0.00000000e+00  0.00000000e+00  0.00000000e+00  0.00000000e+00 -2.51926695e+06 -2.87431235e+05               
