  8.82293543e-03  8.00860315e-03  1.00989232e+01  5.17077803e+03  1.41032938e+02  6.81460344e-02               
  2.49213207e-02  2.26182807e-02  9.77394642e+00  1.26494173e+04  1.51923365e+03  1.60542083e+01               
  2.55571929e-02  2.31948770e-02  9.75024852e+00  1.30448953e+04  1.84869540e+03  2.12945141e+01               
  2.60329575e-02  2.36266501e-02  9.65206352e+00  1.33287566e+04  1.99696017e+03  2.40832777e+01               
  2.62022682e-02  2.37802963e-02  9.61816467e+00  1.34305913e+04  2.05260919e+03  2.53871571e+01               
  2.62664838e-02  2.38385712e-02  9.60507926e+00  1.34692551e+04  2.07351966e+03  2.60037216e+01               
  2.62905212e-02  2.38603847e-02  9.60017209e+00  1.34837374e+04  2.08130372e+03  2.62971918e+01               
  2.62995290e-02  2.38685593e-02  9.59833373e+00  1.34891671e+04  2.08419521e+03  2.64382009e+01               
  2.63029112e-02  2.38716286e-02  9.59764480e+00  1.34912063e+04  2.08526731e+03  2.65068915e+01               
  2.63041854e-02  2.38727849e-02  9.59738605e+00  1.34919747e+04  2.08566443e+03  2.65405051e+01               
  2.63046676e-02  2.38732225e-02  9.59728854e+00  1.34922656e+04  2.08581138e+03  2.65570635e+01               
  2.63048512e-02  2.38733891e-02  9.59725161e+00  1.34923764e+04  2.08586568e+03  2.65652620e+01               
  2.63049217e-02  2.38734531e-02  9.59723754e+00  1.34924190e+04  2.08588571e+03  2.65693372e+01               
  2.63049491e-02  2.38734779e-02  9.59723214e+00  1.34924355e+04  2.08589308e+03  2.65713687e+01               
  2.63049598e-02  2.38734876e-02  9.59723004e+00  1.34924420e+04  2.08589579e+03  2.65723836e+01               
  2.63049641e-02  2.38734915e-02  9.59722921e+00  1.34924446e+04  2.08589677e+03  2.65728916e+01               
  2.63049658e-02  2.38734931e-02  9.59722889e+00  1.34924456e+04  2.08589713e+03  2.65731460e+01               
  2.63049665e-02  2.38734937e-02  9.59722875e+00  1.34924461e+04  2.08589726e+03  2.65732737e+01               
  2.63049668e-02  2.38734940e-02  9.59722870e+00  1.34924462e+04  2.08589731e+03  2.65733377e+01               
  2.63049669e-02  2.38734941e-02  9.59722867e+00  1.34924463e+04  2.08589732e+03  2.65733699e+01               
  2.63049670e-02  2.38734942e-02  9.59722866e+00  1.34924464e+04  2.08589733e+03  2.65733860e+01               
  2.63049670e-02  2.38734942e-02  9.59722866e+00  1.34924464e+04  2.08589733e+03  2.65733941e+01               
  2.63049670e-02  2.38734942e-02  9.59722866e+00  1.34924464e+04  2.08589733e+03  2.65733981e+01               
  2.63049671e-02  2.38734942e-02  9.59722867e+00  1.34924464e+04  2.08589732e+03  2.65734000e+01               
  2.63049672e-02  2.38734943e-02  9.59722870e+00  1.34924464e+04  2.08589732e+03  2.65734006e+01               
  2.63049674e-02  2.38734946e-02  9.59722880e+00  1.34924464e+04  2.08589729e+03  2.65733996e+01               
  2.63049682e-02  2.38734953e-02  9.59722908e+00  1.34924463e+04  2.08589720e+03  2.65733956e+01               
  2.63049705e-02  2.38734974e-02  9.59722992e+00  1.34924461e+04  2.08589695e+03  2.65733830e+01               
  2.63049774e-02  2.38735036e-02  9.59723242e+00  1.34924456e+04  2.08589621e+03  2.65733450e+01               
  2.63049979e-02  2.38735222e-02  9.59723988e+00  1.34924439e+04  2.08589399e+03  2.65732319e+01               
  2.63050588e-02  2.38735775e-02  9.59726207e+00  1.34924391e+04  2.08588738e+03  2.65728952e+01               
  2.63052401e-02  2.38737422e-02  9.59732813e+00  1.34924248e+04  2.08586772e+03  2.65718939e+01               
  2.63057799e-02  2.38742326e-02  9.59752479e+00  1.34923820e+04  2.08580919e+03  2.65689194e+01               
  2.63073872e-02  2.38756923e-02  9.59811033e+00  1.34922548e+04  2.08563497e+03  2.65601023e+01               
  2.63121735e-02  2.38800391e-02  9.59985417e+00  1.34918768e+04  2.08511650e+03  2.65340878e+01               
  2.63264343e-02  2.38929896e-02  9.60505188e+00  1.34907562e+04  2.08357476e+03  2.64580765e+01               
  2.63689869e-02  2.39316302e-02  9.62057259e+00  1.34874478e+04  2.07899676e+03  2.62397163e+01               
  2.64964368e-02  2.40473564e-02  9.66712542e+00  1.34777536e+04  2.06542419e+03  2.56300307e+01               
  2.68819777e-02  2.43974127e-02  9.80829007e+00  1.34496723e+04  2.02525497e+03  2.40228252e+01               
  2.80792847e-02  2.54844878e-02  1.02472161e+01  1.33677298e+04  1.90520534e+03  2.01863257e+01               
  3.12913001e-02  2.84010168e-02  1.08998904e+01  1.25702705e+04  1.48453226e+03  1.18532153e+01               
  3.55535795e-02  3.22720835e-02  1.00989232e+01  9.37978682e+03  5.68317177e+02  2.74606504e-01               
